编号,适用技能,分类,层级,关键词,意图与同义词,适用题材,大模型指令,核心摘要,详细展开,技法类型,技法名称,适用场景,毒点,正例,反例
WT-001,write,对话,知识补充,对话声线|口吻区分|人物对话|潜台词,角色说话怎么区分|口吻怎么写|不同人说话一样怎么办,全部,优先区分角色的身份、情绪和关系，再分配词汇、句长和潜台词，不要只改称呼。,多角色对话要靠词汇、句长、语气和潜台词拉开差异，避免全员同一书面腔。,人物声线差异可以从礼貌程度、句式长短、口头习惯、攻击方式和回避信息的方式上稳定体现。,对话,声线差异化,多角色连续对话、冲突对话、试探性对话,所有角色都说同样的完整书面句，只有称呼不同,“你先说结论。”他敲了敲桌面，语气短硬。“前辈若愿意听完，我再解释来龙去脉。”女子答得很稳。,“你先说结论。”他说。“前辈如果愿意听完，我再解释来龙去脉。”她说。两个人都像同一个作者在说话。
WT-002,write,情感,知识补充,情感描写|心理描写|内心独白|情绪变化,心理怎么写|情感戏怎么写|内心戏怎么写,全部,先写触发源和身体反应，再写意识层判断，避免空转自述和单纯概念词堆叠。,情感与心理描写要把触发、身体反应、意识判断串起来，避免只写抽象情绪名词。,可按触发事件→细微反应→意识解释→行动倾向推进，让心理变化既可感知又能推动下一步剧情。,情感,情绪递进式心理描写,情感戏、受挫反应、心态转折、关系推进,只写“他很难过”“她很愤怒”这类结论，缺少触发和表现,门关上的瞬间，他才后知后觉地发现掌心全是汗。那句原本准备好的解释堵在喉咙里，怎么也说不出来。,他现在非常难过，也非常痛苦，非常纠结，心里充满了复杂的情绪。
WT-003,write,场景,提醒,场景描写|五感描写|氛围营造|环境描写,场面怎么写得有画面|环境怎么写不拖沓,全部,场景描写只保留当前情节最有用的感官信息，让环境服务动作、情绪和冲突。,场景描写要用少量高辨识度感官细节建立画面，而不是堆满静态形容词拖慢节奏。,优先挑与当前冲突最相关的视觉、听觉、触觉信息，环境变化最好能同步回应人物状态。,场景,五感聚焦式场景描写,战斗前压迫感、情感场景氛围、转场开场,把所有感官和修辞一次性铺满，导致正文停滞,廊下风声很紧，灯火被吹得忽明忽暗，她一句话没说，却把握剑的手收得更紧。,夜色很黑，天空很黑，风很冷，空气很冷，四周都很冷，整段只有氛围词没有推进。
WT-004,write|plan,节奏,知识补充,压抑后爆发|节奏拉扯|蓄压爆发|爽点兑现,压抑后怎么爆发|怎么先憋后爽|爆发节奏怎么排,全部,压抑段必须持续积累限制和情绪，爆发段必须集中兑现前文承诺，避免前后脱节。,压抑后爆发的节奏要先蓄压、再破局、最后兑现，让读者明确感到前面的憋屈没有白受。,压抑段要写清主角为何暂时受限，爆发段要回收铺垫、翻转关系并改写局面，不能只是突然赢了。,节奏,蓄压后集中爆发,反杀、复仇、反转、章末兑现,压抑阶段没有真实限制，爆发阶段没有兑现前文承诺,他忍了整整三场考核，没有解释半句。直到宗门长老要当众废掉他的名额，他才抬手亮出令牌，整个议事堂瞬间安静下来。,前文几乎没有压抑铺垫，后文却突然大胜，读者感受不到蓄压和兑现的落差。
WT-005,write,对话,知识补充,去水词对话|对话压缩|冲突对话|信息密度,去水词对话|废话太多怎么办|对话怎么更有信息量|寒暄太多,全部,删掉不推进关系和情节的寒暄，把台词集中到冲突、地位差和潜台词上。,高信息量对话要去掉空转寒暄，让每一句都在传递态度、关系变化或情节推进。,可先判断本场对话的目标，再保留能体现地位差、情绪压力和隐藏诉求的台词，其他内容尽量压缩。,对话,去水词冲突对话,谈判、对峙、摊牌、审问,人物一直绕圈寒暄或重复解释，读者看完不知道关系和局势发生了什么,“结论。”他连杯子都没碰，视线落在她手里的文件上。“可以签，但你得先告诉我，你昨晚为什么绕过我去见他。”,“你来了。”“嗯，我来了。”“你今天还好吗？”“还好，你呢？”一整段都在寒暄，没有推进。
WT-006,write,情感,知识补充,高情绪场景|激烈吵架|诀别场景|情绪爆发,吵架场景怎么写|诀别戏怎么写|情绪戏怎么推进,全部,按铺垫→爆发→余韵的三段式推进情绪场景，不要一上来就高声量互骂。,高情绪场景需要先积累矛盾和压迫，再在临界点爆发，最后留出余波和关系变化。,铺垫段负责引出矛盾和立场，爆发段集中打出核心质问与反击，余韵段用沉默、动作或环境收束情绪。,情感,高情绪场景三段式,激烈争执、诀别、失控告白、道歉失败,一开场就爆发且缺少前置矛盾，或者爆发结束后没有任何关系后果,她本来只是把那封信放到桌上，声音也很轻。直到他说出“我从没答应过你”，她才像被彻底逼到墙角，攥紧指节把压了整章的话一次性掀开。,两个人一上来就大吼大叫，吵完立刻切场，关系像什么都没发生过。
WT-007,write,战斗,知识补充,战斗分镜|战斗节奏|环境互动|战斗编排,战斗分镜怎么写|战斗场景怎么走位|地形怎么写进打斗,全部,先确定节拍和走位，再把地形、停顿和终结一击写进战斗链，避免人物在真空里互殴。,战斗分镜要让攻击、闪避、反击、陷阱和环境互动形成清楚节拍，而不是所有动作挤成一团。,可按快交换→短停顿→关键技揭示推进；环境破坏、掩体、视角拉近拉远都应服务战斗理解。,战斗,分镜式战斗编排,智斗、团战、终局对决、能力对抗,只写招式名和结果，不写走位、空间关系和环境反馈,他一刀逼退对手后并没有立刻追击，而是借着墙面坍塌扬起的灰尘侧移半步，把那枚提前埋下的符钉留在了对方落脚点。,两个人快速交手了很多回合，场面十分激烈，最终主角放大招赢了。
WT-008,write|plan,叙事,知识补充,伏笔布局|伏笔回收|长线伏笔|线索管理,伏笔怎么埋|伏笔怎么回收|长线伏笔怎么排,全部,把伏笔分成核心、支线、装饰三级，并预设回收窗口和兜底方案，禁止只埋不收。,长篇伏笔要区分层级、首次出现方式和回收窗口，避免所有线索都挤成同一重量。,核心伏笔负责主线逆转，支线伏笔丰富层次，装饰伏笔增强真实感；每条都要有表层解释和真实含义。,叙事,三级伏笔布局,悬疑线|长篇主线|身份反转|世界观揭示,埋得太显眼|只埋不收|回收前毫无中继提示,他第一次见到那枚旧钥匙时只当是废物，三十章后才发现那是封印室唯一的开门物。,前期随手写一堆奇怪细节，后期想用哪个再临时硬解释。
WT-009,write,对话,知识补充,多人对话|群像对白|动作锚点|谁在说话,多人对话怎么不乱|群像对白怎么写|谁在说话怎么标,全部,每次发言都绑定动作、视线或位置变化，让说话顺序和心理活动可追踪。,多人对话要靠动作锚点、沉默者反应和句式差异维持清晰，不要只靠连续引号。,越是四人以上场面，越要让插话、观察、打断和沉默承担信息功能，否则场面会迅速糊成一团。,对话,动作锚点式多人对话,会议|谋划|审讯|群像争执,所有人只轮流说台词|沉默角色完全消失|读者分不清发言者,他说完把杯子扣在桌上，最角落里一直不作声的人却忽然抬眼看向门口。,甲说一句乙说一句丙说一句丁说一句，台词像排队点名。
WT-010,write|plan,结构,知识补充,场景卡|场景结构|目的冲突转折结果|场景设计,场景怎么搭结构|场景卡怎么写|一场戏要有什么,全部,每个场景都先写目的、冲突、转折、结果四元，再下笔正文，避免漂亮但无功能的空场。,单场戏最稳的骨架是目的、冲突、转折、结果四元，能防止场景只热闹不推进。,目的决定这场戏为什么存在，冲突负责张力，转折负责变化，结果负责把影响传给下一场。,结构,场景卡四元结构,章节拆分|场景纲|高密度叙事|修文,只有情绪没有目标|只有冲突没有转折|写完对后文零影响,他本想借宴会试探敌意，却因刺客闯入被迫提前站队，结果同时暴露了真实身份。,整场戏只是在酒楼闲聊，既没新增信息也没改变关系和局面。
WT-011,write|plan,设定执行,知识补充,金手指使用|代价闭环|外挂出手|力量反噬,金手指出手怎么写|外挂怎么用才不崩|能力代价怎么落地,玄幻|都市|科幻|奇幻,把绝境、启动、效果、即时代价和后续余波写成闭环，禁止只写开挂爽不写反噬。,金手指出手场景要同时兑现翻盘和代价，让能力成为剧情转折而不是无成本按钮。,最好先证明常规手段已失效，再写力量绽放和立刻到来的虚弱、暴露或关系后果。,设定执行,代价闭环式金手指出手,绝境翻盘|中后期底牌|系统爆发|禁术开启,没有使用必然性|代价拖到很久以后|一开完挂就像没事人,他借那口黑刀斩开封锁，下一瞬膝盖却重重砸地，腕骨像被火从内里烧裂。,主角一遇到危险就随便开挂解决，身体和局势都没有任何反噬。
WT-012,write|plan,悬疑,知识补充,红鲱鱼|误导线索|假嫌疑人|悬疑误导,红鲱鱼怎么写|误导线索怎么埋|假嫌疑人怎么做,悬疑|奇幻|都市,假线索必须有自己的合理解释，既能误导又能在揭晓后站得住，禁止作者硬骗。,红鲱鱼的关键是合情合理的误导，让读者回看时发现自己是被信息偏置带偏，而不是被作者耍赖。,最稳的做法是给显眼嫌疑人一个真实但无关主案的秘密，用他的异常行为掩护真正低调的凶手。,悬疑,红鲱鱼误导线索,探案|身份调查|幕后黑手追查|推理反转,假线索没有合理解释|真凶突然空降|所有嫌疑人都一样显眼,女仆慌忙逃跑是因为打碎花瓶，不是偷走钻石，但她的慌张正好吸走了所有注意力。,作者反复暗示甲有罪，结局却只说那是故意骗读者，没有任何逻辑补偿。
WT-013,write|plan,布局,知识补充,幕后布局|因果链|多米诺骨牌|蝴蝶效应,幕后布局怎么写|小动作引发大结果|布局链怎么排,悬疑|古言|奇幻|都市,起手动作必须看似和终局无关，但每一步因果都要能回溯，不能靠作者暗箱跳步。,高智商布局最爽的地方不是最后结果，而是读者回头发现每一步微小扰动都早已铺好。,先设计终局，再倒推触发链条，让买花、换位、开窗这类小动作一步步滚成可见的大结果。,布局,多米诺骨牌式幕后布局,刺杀|夺权|骗局收网|大型反转,中间因果断裂|初始动作和结果过于直连|揭晓后仍解释不通,他先买下会引发过敏的花，再借女仆开窗这一环把守卫调离火烛旁，真正的杀招因此获得视野。,主角前面做了一堆看似深谋远虑的小事，揭晓时却发现和最终结果没有任何必要关联。
WT-014,write|plan,智斗,知识补充,博弈论|智斗|心理博弈|预判反制,智斗怎么写得聪明|心理战怎么写|三轮博弈怎么排,悬疑|都市|科幻,先把规则讲清，再让合作、背叛和预判反制层层升级，不要拿信息黑箱冒充高智商。,智斗场面要把规则、利益和心理预判都摆上桌，读者才能感到胜利来自脑子而不是作者偏爱。,最稳的做法是用两到三轮博弈逐层抬高 stakes，让第一次合作成为第二次背叛和第三次反制的前提。,智斗,三轮博弈反制,囚徒困境|赌局|副本谈判|高压对峙,规则含混|主角赢在突然多知道信息|对手像木头人不会调整策略,他故意在第一轮让出小利换来对手贪心暴露，真正的杀招藏在第三轮规则结算时点。,所谓智斗只是双方说了几句狠话，最后主角靠灵机一动突然翻盘。
WT-015,write|plan,伏笔,知识补充,伏笔埋设|闲笔伏笔|细节埋线|对话漏口风,伏笔怎么伪装成闲笔|细节埋线怎么写|不让读者早猜到怎么埋,全部,把伏笔伪装成顺手细节、口误或环境描写，并预留后文呼应点，禁止硬塞提示牌。,高级伏笔要看似无意，像一句口误、一个物件细节或一次重复动作，回收时才会有恍然感。,最好把线索藏在自然对话、随手描写和习惯动作里，并提前确定后文如何回点，否则只会像作者刻意眨眼。,伏笔,伏笔伪装式闲笔,幕后黑手埋线|背叛预警|身份秘密|长线回收,伏笔过于显眼|只埋不回|回收时发现前文根本没有支撑,他总在紧张时摸左手无名指，直到戒指真相揭开，读者才明白那动作一直在说话。,作者突然加粗描写一个普通杯子十次，后面又强行说它其实很重要。
WT-016,write,环境,知识补充,动态环境|天气变化|光影变化|情景交融,天气怎么跟剧情同步|环境怎么动态变化|光影描写怎么服务情绪,全部,写环境变化过程，不写静态贴标签，让天气和光影随着剧情节奏与人物情绪一起推进。,环境描写真正有效时，不是背景板，而是会随着争执、追逐、恐惧和释然一起变动的流动装置。,远雷到暴雨、黄昏到夜色、烛火由稳转摇，都能把情绪和局势往前推，而不只是增加形容词。,环境,动态环境映射情绪,争执升级|大战将起|情感转折|悬疑追踪,环境一上来铺满却后面不再变化|环境和人物情绪无关|只有空洞氛围词,雷声起初还在天边，等她那句“你从没信过我”落下，雨已经重得像要把整条街砸穿。,场景一开头说天很阴，之后无论剧情怎么变天气都像被冻结。
WT-017,write|plan,文体,知识补充,档案体|SCP体|实验记录|冷静叙述,档案体怎么写|SCP风格怎么做|实验记录怎么有恐怖感,悬疑|科幻|奇幻,保持客观冷漠语气，让恐怖来自记录内容本身和删改留白，不要在档案里突然抒情。,异常档案体最有效的不是形容恐怖，而是用极冷静的话记录极不正常的事实，让读者自己补完可怕之处。,编号、收容措施、测试日志、删节片段和戛然而止的记录都能制造伪科学真实感与留白恐惧。,文体,冷静档案记录体,异常收容|实验记录|规则档案|伪科学恐怖,档案体里加入太多感叹和抒情|信息全说满没有留白|格式不稳定像随笔,附录四：受试者D-9341于食用烘烤后吐司三秒后失踪，房间内遗留面包屑0.3克。,这件异常物太可怕了，大家都吓坏了，现场简直惊心动魄。
WT-018,write,对白,知识补充,黑话对白|术语点缀|地域口吻|圈层语言,黑话怎么写进对白|术语怎么不影响阅读|地域特色对白怎么做,全部,黑话只点缀关键名词，并通过上下文让读者自然理解，不要把对白写成术语墙。,圈层语言的作用是增加职业感和地域感，少量点缀比通篇堆砌更有沉浸效果。,警察、钱、同伙、仇家等高频词最适合做黑话替换，再配一两个自然例句，就足够建立圈层气味。,对白,黑话点缀式对白,帮派谈判|黑市交易|街头混混|组织内部交流,一段话塞满十几个新词|没有上下文解释|所有角色都说同一种黑话,“烟雾子刚扫过两条街，今晚别碰亮片。”他说得含糊，跟在后头的新人才后知后觉地点了点头。,全段对白充满生词，却没有任何语境帮助读者理解。
WT-019,write|plan,人物,知识补充,配角番外|支线补完|侧视角|番外篇,配角番外怎么写|支线怎么补完人设|高人气配角番外怎么做,全部,番外要补动机和空白，不要只重复正文事件；让配角视角解释他在主线里的关键选择。 ,好的配角番外不是发糖或卖惨，而是补正文里没展开的人设动机和隐性行动逻辑。,可以选择主线前、主线平行期或关键事件背面视角，让读者重新理解配角的一次沉默或一次背叛。,人物,配角番外补完法,高人气配角外传|主线空白期补足|隐藏行动揭晓,番外只是正文重复播放|配角突然性格大改|只服务粉丝糖点没有新信息,正文里他只是递来一把钥匙，番外才揭出他为偷到这把钥匙在敌营里熬了三年。,番外把主线原场景从另一个人嘴里复述一遍，没有任何新增价值。
WT-020,write,战斗,知识补充,第三方解说|裁判解说|战术拆招|战斗讲解,解说式战斗怎么写|裁判解说有什么用|怎么解释招式厉害,游戏|玄幻|衍生,第三方解说只解释关键战术和代价，别把整场对决念成说明书。,在竞技或学院对决里，适量第三方解说能帮读者看懂门道，同时放大战术高明处的爽点。,最有用的不是复述动作，而是点出为什么这一招克制、为什么这次失误致命，以及下一步可能发生什么。,战斗,第三方解说式拆招,学院比赛|公开擂台|职业竞技|复杂能力对决,解说把动作原样重复一遍|解释过密打断节奏|没有判断只会惊叹,“冰镜不是为了反弹火球，”裁判皱起眉，“他在骗对方多耗两成魔力。”,解说员全程只会喊好厉害好快，看不出任何专业信息。
WT-021,plan|write,大纲,知识补充,章级大纲|四任务|剧情任务|情绪任务,一章怎么拆任务|章纲怎么做|章节功能怎么定,全部,每章至少拆出剧情、角色、信息、情绪四类任务，避免只知道这章发生了什么却不知道为什么存在。,章级大纲最实用的拆法不是只写事件顺序，而是把剧情、角色、信息、情绪四类任务同时写清。,这样能直接看出一章是否只推进剧情不推进人物，或只抒情不制造信息变化，从源头减少注水章。,大纲,章节四任务拆解,章纲制作|长篇控节奏|修大纲|查注水,只列事件清单|人物变化和信息变化都没写|情绪目标完全靠写的时候再想,本章剧情任务是抓到线索人，角色任务是让男主第一次怀疑师父，信息任务是揭出钥匙用途，情绪任务是压抑后半步兑现。,本章：去市场，打架，回家。除此之外什么都没定义。
WT-022,plan|write,章纲,知识补充,段落级章纲|5到10段|段落功能|章内分块,一章怎么拆成段|段落纲怎么写|章内结构怎么做,全部,先把一章切成5到10个功能段，每段只承担一个主目标，再安排过渡和钩子。,段落级章纲的作用是把章节从模糊大块变成可执行的功能段，减少写到一半迷路。,开头、铺垫、转折、高潮、收束都可以进一步拆成小段，但每段都应有明确的推进任务和字数感。,章纲,五到十段功能分块,日更写作|长章拆分|章节修文|卡文急救,每段功能重叠|切段太碎影响流动|只写情节不写段末钩子,第一段引入环境与目标，第二段埋入异常信息，第三段冲突爆发，第四段反转，第五段章末钩子。,整章只有一个长段落概述，写作时根本不知道每一块该做什么。
WT-023,plan|write,整合,知识补充,创作输入包|写前整合|章节材料包|写作总览,写作输入包怎么做|写前怎么整合资料|开写前要准备什么,全部,开写前把章节任务、场景列表、关键句、角色状态和规则限制整成一页可读总览，别边写边翻十份资料。,章节输入包能显著降低长篇写作时的丢信息和跑偏，把所有高频需要的前置信息集中到一个入口。,最有用的模块是本章任务、场景顺序、关键句落点、角色当前状态、设定禁区和补充素材摘要。,整合,章节输入包整合,写章前准备|多文档协作|长篇连续创作|防吃书,材料包过大像文档坟场|只有资料没有优先级|写作时还得重新翻原文提炼,一页里同时写明本章的剧情任务、钩子句、角色状态和不能碰的设定限制，开写时几乎不用再跳文档。,资料散在十几个文件夹里，写作时想到哪翻到哪，结果频繁吃书。
WT-024,plan|write|init,人物,知识补充,配角功能分配|配角不可替代|功能型配角|角色任务,配角怎么不重复|配角功能怎么分|路人角色怎么有用,全部,每个配角至少承担一种不可替代功能和一个记忆点，别把配角都写成可互换名字牌。,功能明确的配角更容易在长篇里活下来，因为读者知道他负责什么、缺了他会缺哪一块。,情报位、情绪位、战力位、价值观镜像位都可以，但同类功能不要堆太多，否则角色会迅速同质化。,人物,配角功能分配法,建角色表|群像扩容|精简冗余角色|长篇角色维护,多个配角只有名字不同|出场很多但没有任务|功能冲突导致角色可随意替换,军师负责信息判断，师妹负责情绪牵引，老仆负责历史记忆，每个人都缺不得。,围着主角的三四个朋友除了捧哏和惊叹，没有任何差异化作用。
WT-025,plan|write,结构,知识补充,章节衔接|承上启下|上下章连接|过章,章节怎么承接|上下章怎么连|过章怎么不突兀,全部,每章结尾先确认要把什么冲突带进下一章、又要给后文埋什么新点，承接和铺垫必须同时存在。,好衔接不是简单复述上章，而是让本章延续旧问题的同时，顺手把下一段剧情的引线藏进去。,最稳的做法是明确承接点、变化点、铺垫点三件事：上章留下什么，本章改变什么，下章将被什么牵动。,结构,承接铺垫双向衔接,卷内连续剧情|多线并行长篇|大事件后转场,只顾回收上章不埋后手|突然换地图断情绪|靠旁白硬说时间过去了,上章刚拿到密信，本章先处理追兵，再从密信边角引出帝都线。,上章生死大战刚结束，下章直接吃饭闲聊，前面冲突像没发生过。
WT-026,plan|write,结构,知识补充,一章一爽一压一钩|章内配比|爽压钩|章节设计,一章怎么更抓人|章节内容怎么配比|单章节奏怎么排,全部,单章至少安排一次小兑现、一次压力抬升和一个结尾钩子，让读者既得到糖也被继续往下拽。,连载章节最好同时具备爽点、压力点和钩子，三者齐了，追读黏性才稳定。,爽点负责给回报，压力点负责蓄力，钩子负责续读，缺任意一项都容易让章节显得平或空。,结构,一章一爽一压一钩,日更连载|平台追读章|中短章节,整章只有说明没有兑现|一直压抑不给回报|结尾像句号一样平落,主角先靠小聪明赢下一手，随即发现敌人背后还有更大布局，章末门外又来了第三方。,一章只把设定讲明白，既没人赢也没人急，结尾自然收工。
WT-027,plan|write,伏笔,知识补充,伏笔台账|伏笔编号|回收节点|线索管理,伏笔怎么管理|伏笔怎么编号|长线线索怎么不忘,全部,给关键伏笔编号、记录所在章和预计回收窗口，长篇不要靠脑子硬记。,伏笔台账能把埋线从感觉活变成可追踪的结构活，避免多卷后作者和读者一起失忆。,最实用的字段是伏笔ID、埋设位置、类型、重要度、预计回收章和兜底改写方案。,伏笔,伏笔编号台账法,悬疑长篇|多卷连载|规则怪谈|群像布局,只埋不记|回收时忘了最初形态|轻重不分导致真钩子被杂讯淹没,F-017：第12章埋钥匙缺口，第48章开门回收，重要度高。,某卷随手提过的玉佩到后期突然变主线钥匙，前文却找不到落点。
WT-028,plan|write,场景,知识补充,场景五要素|信息形象冲突情感钩子|场景拆解|场景功能,场景怎么拆|场景五要素是什么|一场戏该包含什么,全部,每个场景至少明确信息、形象、冲突、情感、钩子五个维度，不完整的场景宁可重做。,场景五要素能快速判断一场戏是不是空转，缺哪一项，读感就常在哪个地方塌。,信息负责推进，形象负责可视化，冲突负责动力，情感负责代入，钩子负责续读。,场景,场景五要素拆解,场景纲制作|修文复盘|单章卡文|新人入门,只有信息没有画面|只有气氛没有冲突|场景写完却没有后续牵引,茶馆会面既交代密信内容，又写人群与杯盏，再让跟踪者逼近，最后卡在暗号对不上。,两人坐着聊天半章，只把设定说完，没有画面、风险和后续。
WT-029,plan|write,句法,知识补充,关键句预设|开篇句|转折句|高潮句|章末句,关键句怎么预设|开篇句怎么写|章末句怎么卡,全部,提前预设开篇、转折、高潮、章末四类关键句，让章节在最需要发力的位置有抓手。,关键句预设不是写死正文，而是先给章节最重要的四个发力点钉下钉子。,先有关键句，再反推前后段落的铺垫和承接，能显著提升章内的记忆点密度。,句法,四句式关键句预设,黄金三章|高潮章|情绪重场|章末卡点,全章没有一句能留下印象|关键句来得太早或太晚|句子响但前后铺垫不够,开篇先扔一句异常判断，中段留转折句，高潮砸判断，最后一句翻出新问题。,写完全章才临时想补金句，结果前后情绪接不上。
WT-030,plan|write,节奏,知识补充,情绪曲线|段落起伏|章内节奏|情绪波形,章节情绪怎么排|段落起伏怎么做|章内节奏怎么不平,全部,开写前先画出章内的情绪高低点，再决定哪段加速、哪段回落，不要写到哪算哪。,段落级情绪曲线先行，能避免整章声调单一，也能控制高潮是否来得太早太散。,最常用的是引入、抬升、失衡、爆点、余波五段波形，再根据题材调节陡峭程度。,节奏,段落情绪曲线先行,动作章|情感章|悬疑章|需要强烈章感的连载,整章持续高喊导致疲劳|高潮过早后面只剩拖尾|没有短回落给读者换气,先让角色克制试探，中段突然失控，高潮对撞后留半拍静默，再挂章末钩子。,从第一段吵到最后一段，读者只觉得吵，没有真正峰值。
WT-031,plan|write,连载,知识补充,前情回顾|卷间 recap|关键事件提炼|长篇回顾,前情提要怎么写|卷间回顾怎么做|上一卷怎么总结,全部,优先提炼转折点、人物变化和未填的坑，回顾要像浓缩剧情而不是流水账摘要。,好的前情回顾要让老读者迅速接上情绪，也让新读者一眼知道这卷到底发生了什么。,抓三到五个关键事件、主角变化和世界观展开点即可，细枝末节宁可舍弃。,连载,前情回顾精准提炼,卷间衔接|长篇断更后续写|大转场前总结,把每件小事都列一遍|只有信息没有情绪|为了防剧透把真正关键变化也删掉,先提破局和失去，再提主角地位变化，最后点出尚未解决的大坑。,从头到尾按时间顺序报流水账，读者看到一半就跳过。
WT-032,plan|write,连载,知识补充,卷间预告|留白预告|下卷钩子|不剧透预告,下一卷预告怎么写|卷尾怎么吊读者|预告怎么不剧透,全部,预告只点挑战、人物和方向，不提前交代解法，让期待来自留白而不是信息倾倒。,最有效的下卷预告，是告诉读者更大的风暴要来了，但不告诉他们风暴会从哪一扇门先撞进来。,可以点名新地图、新敌人或旧坑重启，但必须把解答留在正篇里完成。,连载,预告留白式吊桥,卷尾收束|活动章节后|大转场前,预告写成剧情简介|只喊下卷更精彩却不给具体诱饵|过度剧透把悬念讲完,帝都的门终于开了，而等在门后的，并不是他以为的援军。,下一卷主角会去帝都见皇帝并查出真凶，顺便救下师父。
WT-033,plan|write,表现,知识补充,守则说明书|规则文本|仿真格式|怪谈呈现,规则文本怎么写|守则格式怎么做|说明书风格怎么仿真,悬疑|奇幻,先把格式写得像真的，再在内容里塞轻微异常，让恐怖感来自正常外壳里藏着不正常指令。,规则文本最吓人的地方，不是辞藻阴森，而是它看起来像一份再普通不过的守则。,编号、条款、劝告语气、注意事项等格式越像正式文件，后面的异常内容越扎眼。,表现,守则说明书仿真,副本入场|神秘组织手册|校园守则|怪谈公告,一上来就满篇怪力乱神|格式松散像随笔|异常内容多到没有对比基础,请在九点前熄灯。如听见走廊有人数到四，请不要开门。,这是一份很恐怖的规则，你千万别死，不然怪物就会来。
WT-034,plan|write,表现,知识补充,矛盾规则|并列投放|真假规则|读者推理,矛盾规则怎么放|真假规则怎么排|让读者推理怎么做,悬疑,把相互冲突的规则并列摆给读者，但要保证其中至少一条能被线索验证，不要纯靠耍赖制造混乱。,矛盾规则的价值在于逼读者和角色一起判断哪一条能活命，而不是单纯把脑子绕晕。,直接矛盾、时间矛盾、身份矛盾都可以用，但必须配套环境证据或人物反应做校验抓手。,表现,矛盾规则并列投放,怪谈副本|密室推理|多势力信息冲突,矛盾只是随机乱写|没有任何验证线索|最后靠作者口头宣布答案,守则说红门安全，值班员却死死拦着所有靠近红门的人。,规则一和规则二互相打架，但正文里没有任何可推理信息。
WT-035,plan|write,伏笔,知识补充,隐藏规则|环境线索|物件线索|人物暗示|三线埋规,隐藏规则怎么埋|环境怎么给线索|人物行为怎么暗示规则,悬疑,把隐藏规则拆到环境、物件、人物三条线里，让读者能回头对上，而不是只靠主角灵光一闪。,隐藏规则最好不是凭空掉下来，而是一直悄悄藏在场景布置、异常物件和角色习惯里。,环境负责氛围和重复异常，物件负责可触证据，人物负责行为偏差，三线合一时真相最稳。,伏笔,环境物件人物三线埋规,规则怪谈|悬疑副本|侦探推理,线索都塞在对话里|环境只做装饰|揭晓时读者回看找不到依据,窗边灰尘永远缺一角、手册某页被撕走、保安每次提到四楼都会下意识后退。,真相揭晓时突然补一句其实还有隐藏规则，前文却完全没有迹象。
WT-036,plan|write,推理,知识补充,推理链|假设证据排除|逻辑闭环|真相揭示,推理过程怎么写|逻辑链怎么搭|真相怎么一步步推出,悬疑|科幻,让角色按现象、假设、证据、排除、结论五步推进，推理要能被读者复盘。,好推理不是主角一句我懂了，而是每一步都有前提、有证据、有排除对象。,哪怕最终结论很惊人，过程也要让读者觉得早该如此，而不是作者临时转弯。,推理,假设证据排除推理链,规则判断|身份推理|密室破局|阴谋揭示,主角突然开天眼|证据和结论跨度过大|排除法只靠作者说不是,先确认两条规则冲突，再用死亡样本排除错误项，最后补上隐藏前提得出唯一生路。,没有证据铺垫，主角忽然宣布幕后黑手就是园长。
WT-037,write|plan,描写,知识补充,show don't tell|动作化情绪|不直说情绪|用动作写情绪,不要直接说生气怎么写|用动作表现害怕|情绪怎么不直白讲,全部,优先用动作、微表情和环境反馈替代抽象情绪词，让读者自己感到人物在怕、在怒、在崩。 ,动作化代情法的核心，是把“他很生气”改成读者能看见、能听见、能感到的具体反应。,发白的指节、吞不下去的口水、说到一半突然停住，这些都比直接贴情绪标签更有现场感。,描写,动作化代情法,情绪爆点|人物失控|细腻心理外化|润色改稿,动作堆太多反而失焦|所有情绪都靠握拳咬牙|环境反馈和人物反应脱节,她没说害怕，只是第三次去摸门锁时，指尖已经冷得没了血色。,她很害怕，非常非常害怕，整个人都很害怕。
WT-038,write|plan,修辞,知识补充,创意比喻|陌生化|修辞|文学性,比喻怎么更新鲜|修辞怎么不俗套|陌生化表达怎么写,全部,比喻要和全书气质绑定，用陌生但可理解的意象制造新鲜感，别套烂梗。 ,创意比喻的价值，不只是好看，而是能瞬间把情绪和世界观一并抬高半格。,恐怖文适合伤口、霉味、旧骨头一类喻体，轻喜剧则可以走夸张和错位联想，风格不能乱串。,修辞,陌生化比喻锚定,高情绪段落|关键印象塑造|文风强化,一味求怪导致读不懂|比喻和人物视角不匹配|全篇句句都在炫技,他的笑像冻在骨头缝里的薄冰，看着亮，踩上去却随时会裂。,她美得像花一样，难过得像雨一样，完全没有新信息。
WT-039,write|plan,环境,知识补充,五感环境|沉浸感|多感官描写|环境氛围,环境描写怎么更沉浸|五感怎么一起用|场景氛围怎么立起来,全部,环境描写至少调动两到三种感官，再把它们和角色当前情绪或任务压力绑定。 ,多感官环境描写最大的作用，是把场景从背景板变成真正能压到人物身上的东西。,霓虹映水、铁皮雨声、垃圾臭味、口中血腥味，这些叠加起来才能形成完整的现场感。,环境,五感分层环境铺陈,开场氛围|追逐战|恐怖场景|情绪映射,只写看到什么|五感全堆一起没有主次|环境和人物状态完全脱节,雨点砸在铁棚上的脆响和下水道返上来的腐气同时扑来，让巷子像一口正在冒热的旧锅。,这是一条很黑很潮湿的巷子，然后没了。
WT-040,plan|write,结构,知识补充,多线汇聚|群像结构|汇聚点|大事件收束,多线怎么汇到一起|群像文怎么不散|汇聚点怎么设计,全部,所有支线都必须被一个卷级大事件吸过去，别让人物各自精彩却永远碰不到。 ,多线叙事真正稳的时候，不是线越多越好，而是它们最终会在一个节点上互相改写命运。,围城、总决战、庆典爆炸、灾难降临都可以是汇聚点，它能把原本分散的角色价值一次性点亮。,结构,汇聚点多线收束,群像大纲|多主角并行|大卷高潮前布局,支线彼此无关|汇聚点太弱只像普通碰头|切视角很频繁但没有收束价值,前面分散在军营、朝堂和民间的三条线，最终都在都城围困那一夜撞到一起。,每个角色都有自己的故事，但到结尾都像另一本书的人。
WT-041,plan|write,人物,知识补充,人物弧光|催化剂|成长触发|人物转折,人物怎么发生变化|成长催化剂怎么设计|弧光怎么不突兀,全部,角色变化必须被具体事件逼出来，别让他某天突然想通了。 ,人物弧光的本质不是标签替换，而是某个事件把旧伤、旧选择和新代价同时推到台前。,导师死亡、背叛、任务失败、孩子受伤，这些具体催化剂会逼人物从旧逻辑里断出来。,人物,催化剂推动人物弧光,角色转折|中段成长|主角责任觉醒|反派崩塌,没有催化事件就硬改性格|转变来得太快|转变后行为模式没跟上,他不是忽然学会负责，而是在亲手埋了师父后，第一次开始替别人做决定。,上一章还自私冷血，下一章突然圣母心泛滥，却没有任何触发过程。
WT-042,plan|write,叙事,知识补充,不可靠叙述|违和感|叙述扭曲|视角陷阱,不可靠叙述者怎么写|叙述怎么埋违和|让读者后面回看恍然大悟怎么做,悬疑,先保证叙述看起来成立，再悄悄埋进时间、物理细节或记忆缺口的违和，不要一眼看穿。 ,不可靠叙述最难的地方，是让读者觉得哪里不对，但又说不清到底哪里出了问题。,漏写血迹、时间顺序错位、旁人从未回应某个“同伴”，都能成为后续反转的合法抓手。,叙事,不可靠叙述埋违和,第一人称悬疑|记忆缺失|精神错乱视角,违和太大直接暴露谜底|全靠故意隐瞒关键信息|揭晓后解释不回前文,他描述案发现场时总绕过镜子，而镜子恰好是唯一会暴露真相的物件。,作者直接把一半信息藏起来不写，揭晓时再补出来强行反转。
WT-043,plan|write,结构,知识补充,双时间线|镜像物件|倒叙插叙|非线性结构,双时间线怎么串|倒叙插叙怎么不乱|过去线和现在线怎么对应,悬疑|现言|科幻,给双线准备共同物件或共同意象，让过去线负责解释现在线，而不是平行占篇幅。 ,双时间线最稳的连接器，不是强行切视角，而是一个会在两边都出现、意义却不断变化的锚点。,坏掉的表、旧照片、缺角钥匙、未寄出的信，都能在两条时间线里承担镜像和翻译作用。,结构,双时间线镜像物,非线性叙事|开篇即高潮|追因式结构,两条线像两本书|切换时机随意|过去线不能真正改写现在线理解,现在线里的断表停在七点十三分，过去线一路追到最后才解释它为什么永远停在那一刻。,插叙只是补背景，删掉也不影响现在线推进。
WT-044,plan|write,推理,知识补充,心理侧写|证据推人|案件画像|侧写逻辑,心理侧写怎么写得站得住|通过证据推人物怎么做|刑侦分析怎么不玄学,悬疑|都市,每一条侧写结论都要追溯到对应物证或行为痕迹，分析是推导，不是占卜。 ,证据支撑式侧写能让‘看人’这件事具备逻辑感，也能顺带把凶手压成一个越来越真实的轮廓。,过度杀戮、清理痕迹、带走纪念物、重复路径，这些都比空口心理学更能支撑画像成立。,推理,证据支撑式心理侧写,案情研判|追踪预判|对手画像|智斗铺垫,结论跳太快|证据与人物画像不匹配|全靠天才直觉替代推理,她先指出窗台没有泥，再推到凶手不是临时翻入，而是熟悉屋内布局的熟人。,角色看一眼现场就说凶手肯定童年缺爱且会在东区再犯，没有任何支撑。
WT-045,plan|write,伏笔,知识补充,伏笔回收检查|回溯感|恍然大悟|草蛇灰线,伏笔回收前怎么检查|真相揭晓怎么让读者想起来|草蛇灰线怎么做,悬疑|奇幻,回收前先逐条确认旧线索能被读者回想起来，而且揭晓时真的能解释前文每个怪点。 ,好的伏笔回收，不只是答案出现，而是答案一出现，读者立刻想起那些曾被忽略的小异常。,检查重点是三件事：前文有没有埋、埋得会不会太显眼、揭晓后能不能一一对上。,伏笔,伏笔回收回溯校验,大反转前|终盘揭晓|修文复盘,揭晓很炸但前文没埋够|埋太密一眼就猜到|真相出来后还有一堆怪点解释不了,揭出管家是凶手时，前文他擦门把手、缺席时间点和一句随口抱怨都能被一口气串起来。,真相揭晓后读者回翻前文，根本找不到任何合理线索。
WT-046,write|plan,环境,知识补充,动态天气|光影推进|环境联动|天气节奏,天气怎么跟剧情一起变|光影怎么推动气氛|环境怎么有流动感,全部,不要只写当前天气，要写它如何一步步变化，并让这份变化和情绪、冲突同频。 ,动态环境描写的好看，在于它不是静态背景，而是跟着人物关系和局势一起推进。,远雷、骤雨、停风、天光退尽、云缝见亮，都是可以和情绪峰值同步推进的节拍器。,环境,动态天气光影联动,争执升级|大战将起|告白反转|卷尾收束,天气纯装饰|变化突兀没有过程|环境强行抢戏压过人物,她还在嘴硬，廊外的雨却已经从密线砸成了白墙，像替两人先一步把气氛逼到极限。,上一句晴空万里，下一句忽然雷暴，只因为作者想煽情。
WT-047,write|plan,对话,知识补充,沉默角色|多人对话|不说话的人|会议戏,不说话的人怎么写出戏|多人对话里沉默者有什么用|会议戏怎么更有暗流,全部,在多人对话里专门追踪沉默者的动作和视线，他往往比正在说话的人更能释放危险信息。 ,沉默的声音往往最值钱，因为读者会本能地追问：他为什么不说，他在观察什么。,汗、停顿、抿唇、看门口、避开视线，这些都能让沉默者成为伏笔和暗流的承载器。,对话,沉默角色调度法,群像会议|审讯|团队分工|家庭对峙,沉默角色像空气|只顾台词忘了行为线|所有人都在说导致信息过载,大家还在争论路线，只有最角落那个人始终没抬头，指节却把纸杯捏出了裂纹。,四个人说了三页台词，第五个人像被作者遗忘了一样完全消失。
WT-048,plan|write,结构,知识补充,时间线管理|倒推法|时间跳跃|年龄校准|大纲时间,时间线怎么不乱|大纲怎么倒推时间|什么时候该时间跳跃,全部,先用终局节点倒推关键年份和成长目标，再决定哪些时间段该展开，哪些该跳过。 ,时间线管理不是记流水账，而是用时间约束反过来逼结构更紧、更准。,第十年魔王苏醒、第三年战争爆发、第一年主角入学，这类硬节点一确定，前中后期节奏就会清晰很多。,结构,倒推式时间线校准,长篇大纲|历史跨年叙事|成长升级文,年龄和事件对不上|修炼写太满导致节奏停滞|时间跳跃毫无标记,既然三年后必须守住边关，那主角在第一年末就不能还困在新手村打杂。,主角二十岁写了十卷，时间却只过去三个月。
WT-049,write|plan,感官,知识补充,多感官描写|感官层次|视觉听觉触觉|沉浸感,感官描写怎么不乱|多感官怎么排|场景沉浸感怎么写,全部,先选一个主感官领路，再补两种副感官，不要五感平均摊成清单。,多感官描写越强，越要有主次排序，否则画面会糊成说明书。,同一段里让视觉定场、听觉加压、触觉收尾，或反过来让触觉先刺入，再用气味和声音补充，会比五感平均铺陈更有效。,感官,主次分层式多感官描写,诡异场景|亲密距离|战斗受击|环境入场,五感一股脑全写|每句都换感官导致失焦|只有形容词没有动作依托,门缝里先漏进来的是潮湿霉味，接着才是脚步声，一下一下踩在木地板的空心里。,房间很黑很冷很安静很臭也很潮湿，作者把能想到的感觉一次全报完。
WT-050,write|plan,动作,知识补充,动作序列|微表情|连贯动作|细节推进,动作细节怎么写连贯|微表情怎么排|动作序列怎么不跳,全部,把一个情绪节点拆成可见的三到四个连续动作，别直接从站着跳到崩溃。,微动作连锁能把情绪和关系变成可见过程，让场面不只剩心理结论。,视线转移、手指停顿、呼吸变化、肩背绷紧和半句打断，都是能连成节拍的动作链。,动作,微动作连锁推进,对峙|告白|审讯|谎言暴露,动作只有一个结果|动作和情绪脱节|每次都写同样的咬唇握拳,她先去拿杯子，手指碰到杯沿时却顿了一下，最后只是把它往他那边推过去，始终没抬眼。,她很紧张，于是咬唇、握拳、发抖、哭了，所有反应同时出现没有层次。
WT-051,write|plan,对话,知识补充,潜台词|双层对话|对话目的|说一套想一套,潜台词对话怎么写|对话怎么有暗流|人物对话怎么藏意思,全部,每段对话先明确表层目标和暗层目标，让人物嘴上说的和真正想得到的东西保持张力。,有潜台词的对话，不是故作含糊，而是让表层交流和真实博弈同时发生。,问候可以是在试探，玩笑可以是在逼供，道谢可以是在划边界；关键是每句台词后面都能对照一个真实目的。,对话,表层目的与潜台词双轨,旧情重逢|权谋试探|谈判|家庭对峙,潜台词全靠读者猜|台词和人物目标无关|所有人都绕圈不推进信息,他问她最近睡得好吗，真正想确认的却是她是不是还在吃那种会让手发抖的药。,两个人全程说谜语，谁也不表达信息，读者只剩困惑。
WT-052,write|plan,结构,知识补充,开篇炸点|结果先行|信息前置|快开局,开头怎么更炸|第一段怎么抓人|结果先行开篇怎么写,悬疑|都市,开篇先交出异常结果或高压现状，再用最短路径补足读者必须知道的前因。,信息前置式开篇的重点，不是把设定讲快，而是先让读者知道眼下出事了。,婚礼取消、尸体少了一具、校规多了一条名字，这类结果先行能立刻给阅读理由，背景只补最必要部分。,结构,信息前置炸点开篇,第一章|短篇首段|卷首重启|高冲突开局,结果先抛了却迟迟不解释必要信息|开头全是背景补课|炸点和后文主线无关,婚礼开始前十分钟，我收到一张照片，照片里站在新郎身边的人，是三年前已经下葬的我自己。,故事开始于很久很久以前的一个世界，我们先来介绍历史和设定。
WT-053,write|plan,叙事,知识补充,快节奏叙事|镜头切换|短句推进|高信息密度,快节奏怎么写|场景切换怎么不乱|短篇叙事怎么提速,都市|悬疑,每次切换镜头都要带来新信息、新压力或新目标，不能只是空转换景。,快节奏叙事不是句子短就够，而是每个段落都在推进局势。,可以用动作镜头、反应镜头、证据镜头、倒计时镜头交替推进，让信息密度高但方向始终明确。,叙事,镜头切换式快节奏叙事,追逐|公开翻盘|多人混战|短篇高潮,只剩碎片剪辑没有因果|切得太快导致读者失位|每段都在重复同一信息,电梯下坠，手机震动，楼下警灯亮起，而她刚发出去的那条语音在这一秒才显示已送达。,场景一直切，可每个片段都不提供新信息，只让读者觉得乱。
WT-054,write|plan,规则,知识补充,规则矛盾|交叉校验|真假规则|隐藏规则,规则怪谈怎么自检|矛盾规则怎么写|隐藏规则怎么找,悬疑|科幻,把规则按对象、时间、空间和例外条件拆开比对，先找出哪两条不能同时为真。,规则类故事的精彩，不只在写出规则，而在让角色和读者一起发现规则哪里对不上。,一条规则说熄灯后不得出门，另一条却要求零点去领餐，这种矛盾只有落到条件表里才能被真正利用。,规则,规则矛盾交叉校验,副本推演|中盘破局|修文检查|白板讨论,规则只是吓人句子|矛盾写了却没人验证|隐藏规则完全靠作者临时宣布,他们把规则按时间重排后才发现，真正不能进入食堂的不是所有人，而是没有佩戴工牌的人。,规则前后互相打架，但角色和作者都当没看见，最后随便挑一条生效。
WT-055,write|plan,推理,知识补充,推理链|假设排除|证据链|逻辑推演,推理过程怎么写|破案怎么更严密|规则推理怎么排,悬疑|科幻,让角色先提出多个可能，再用证据逐个排除，别一步跳到标准答案。,推理戏之所以好看，是因为读者能看见错误假设被证据一层层打掉。,真相最好不是灵光一闪，而是通过时间线、证词、现场痕迹和规则限制逐步缩小可能性。,推理,假设-证据-排除链,破案会议|副本复盘|真相揭晓前|多人讨论,主角突然神启|证据只支持答案不支持过程|没有错误分支导致推理太假,他们先怀疑是管理员改了值班表，可监控证实他昨晚没上楼，于是嫌疑只能回到那名一直声称自己没读过规则的新住户身上。,主角看了一眼现场就说我懂了，然后直接公布真相。
WT-056,write|plan,结局,知识补充,多结局|结局分歧|真结局预埋|终局条件,多结局怎么埋|真结局条件怎么前置|结局分支怎么设计,悬疑|游戏,在中前期就埋下不同结局所需的选择、代价和线索，让终局分歧像收束而不是另起炉灶。,多结局设计的关键不在数量，而在每条结局都能追溯到前文真实选择。,普通结局可以来自求稳，真结局可以来自额外探索和更高代价；只要条件提前埋好，结尾就会既公平又有余震。,结局,分歧终局前置预埋,长篇收束|副本真结局|番外IF线|多周目结构,结尾突然冒出从未出现的隐藏条件|不同结局只是换名字|角色选择与结局无因果,早在第二卷他就两次拒绝销毁那张旧车票，直到终局读者才知道，那正是通往真结局的最后通行证。,结局前一章忽然新增一条隐藏任务，然后告诉读者这才是完美结局条件。
WT-057,write|plan,推理,知识补充,证据投放|证据顺序|线索递进|破案节拍,证据怎么一条条放|线索顺序怎么排|破案过程怎么更有层次,悬疑|都市,先投会制造方向感的证据，再投能打脸旧判断的反证，别一开始就把王炸全扔出来。,证据投放顺序决定推理戏的可读性，顺序对了，真相会自己把读者往前拖。,先给现象证据，再给矛盾证据，最后给定锤证据，读者才能跟着角色一起修正判断而不是被动听答案。,推理,证据投放台阶法,破案会议|公开翻盘|规则校验|终盘揭晓,关键证据太早亮完|证据顺序颠倒导致看不懂|所有证据一次性念稿,他们先证明死者离开过病房，再翻出监控死角，最后才把那双被调包的拖鞋摆上桌面。,主角一上来直接拿出终极证据，前面的分析过程全成废话。
WT-058,write|plan,反转,知识补充,误导线|真线|双线铺垫|反转公平性,反转怎么既误导又公平|真假线怎么一起铺|误导伏笔怎么做,悬疑|奇幻|都市,误导线必须自洽但不完整，真线必须真实存在但不抢戏，两条线一起跑反转才站得住。,强反转不是只埋真线，而是让读者有一条足够像真的误导路线可以先走进去。,行为误导、话术误导、规则误导和时间线误导都能用，但真线必须在细节、例外和反常里提前露头。,反转,真误双线并跑法,身份反转|规则反转|幕后黑手揭晓|真结局前置,误导线明显假得像作者在骗|真线完全看不见|反转后前文无法自圆其说,所有人都盯着说话最多的护士时，真正暴露问题的却是那个每次交班都提前半分钟关灯的保洁。,作者强行隐瞒关键信息，反转靠信息封锁而不是铺垫。
WT-059,write|plan,结构,知识补充,多线切换|视角切换|锚点|场景转场|叙事清晰,多线叙事怎么切|视角切换怎么不乱|转场锚点怎么做,全部,每次切线前留下一个未解动作、物件或问题做锚，再在新线开头给出清晰坐标。,多线切换越频繁，越需要锚点帮读者记住上一条线停在哪、这一条线从哪开始。,时间标记、人物目标、物件线索和未完成动作，都是很好的切线锚。没有锚，多线只会像碎片。,结构,多线切换锚点法,群像长篇|副本与现实双线|多人并行调查|大战前分线,切线只为制造悬念不管可读性|新线开头没有坐标|视角切换后读者分不清谁在做什么,他把那把生锈的钥匙攥进掌心，下一章直接切到三小时前的码头，而那枚同样的钥匙正挂在另一个人腰间。,上一段还在医院，下一段突然跳到地下室，时间人物地点都不交代。
WT-060,write|plan,情绪,知识补充,情绪爆发|三段式|高压场景|争吵|诀别,高情绪场怎么排|吵架诀别怎么写|情绪爆发怎么分段,全部,高情绪场先给压抑铺垫，再给失控爆点，最后留余波，不要一上来就喊满。,情绪场的冲击力来自积累、爆发和余韵三段连成一线，而不是单纯大吼大叫。,铺垫段负责让矛盾站稳，爆发段负责撕开最深的伤口，余韵段负责让关系真的发生变化。,情绪,高压情绪三段爆发,决裂|道歉无力|忍耐爆发|守夜夜谈,情绪一开始就顶满|爆发完立刻翻篇|只写台词不写余波,她前半段一直只说没事，直到他把那张旧票根拿出来，她才第一次真正抬头看他。,角色见面三句话就直接崩溃大哭，前面没有任何压抑和触发过程。
WT-061,write|plan,节奏,知识补充,爽点停顿|爆点后反应|静默回响|停一拍,爽点后要不要停一下|爆点后怎么让读者更爽|反杀后怎么写反应,全部,大爆点后先停半拍给反应和回响，再决定补刀，不要连续吼到失去层次。,爽点后的停顿不是降温，而是让重量真正落下，让读者和场内人一起消化刚发生的事。,寂静、视线、掉落的物件、改口的称呼和迟到的掌声，都会让前一秒的爆点更有分量。,节奏,爆点后半拍静默法,公开翻盘|越级反杀|真相揭晓|久别重逢失守,刚打脸完立刻下一波输出|周围人反应全是模板式震惊|停顿太长把势头放掉,话音落下后，连直播弹幕都像卡了一秒，最先弯腰去捡话筒的人竟是刚才叫得最凶的那个记者。,主角打脸后立刻连讲三页道理，完全不给现场和读者反应空间。
WT-062,write|plan,设定,知识补充,代价即时化|金手指副作用|立即后果|使用代价,金手指代价怎么立刻显现|外挂怎么不白给|能力使用后果怎么写,悬疑|玄幻|科幻,大能力一旦发动，立刻给出身体、关系或世界层面的代价痕迹，别把后果全拖到很久以后。,金手指的可信度，很多时候不靠说明，而靠它一用完就让人付出真实代价。,吐血、失声、失忆一角、被高位存在注视、队友恐惧、规则污染加深，都是能马上落地的后果。,设定,代价即时落地法,大招爆发|禁术使用|系统越权|副本保命,说有代价但当场没人受影响|代价只体现在后文一句疲惫了|能力越来越像万能钥匙,门被他强行撬开的同时，腕上的黑纹也沿着静脉往上窜了一截，旁边那名队友第一次下意识后退。,主角每次开挂都无伤通关，所谓代价只是作者口头提醒。
WT-063,write|plan,规则,知识补充,规则文本|可执行规则|口语化规则|条目写法|规则呈现,规则怎么写得能记住|规则条目怎么更像真规则|怪谈规则怎么表述,悬疑|科幻,规则文本要像真会被人拿来照做的条款，短、准、能执行，再在局部埋异常。,好规则不是恐怖句子堆叠，而是先让人觉得能照着活，再在细节里生出不安。,规则可分成动作限制、时间限制、地点限制和例外条款，表述越清楚，后续推理和反转越有抓手。,规则,可执行规则文本法,副本入场|校规公告|守则发放|规则校验,每条规则都像恐怖诗歌|禁止事项太抽象无法执行|异常点藏得太深读者记不住,二十三点后不得独自进入东侧走廊，如必须前往，请先关闭手电并保持沉默。,如果你感到有什么不对就不要去相信它们否则后果自负，像气氛文案不像规则。
WT-064,write|plan,结局,知识补充,后日谈|余味收束|结局余韵|轻落地|完结收口,后日谈怎么写|结局后怎么留余味|完结怎么轻轻落下,全部,后日谈只回看最值得留下的那几件事，让余味落在人物和母题上，不要再开新战场。,好的后日谈不是补流水账，而是给读者一个情绪落点，证明故事真正改变了谁。,一封信、一次归家、一个旧地回看、一个新习惯，都比大篇幅交代十年后更能留下余韵。,结局,后日谈轻落地收束,正文完结|卷尾收束|人物番外|多结局补白,后日谈继续开新坑|把人物余生写成简历|为了甜而甜忽略前文代价,他终于学会在面里留一点香菜，而那家旧店的灯，也第一次不是为等谁而亮着。,结局后再讲二十页新设定和下一场危机，彻底冲散收束感。
WT-065,write|plan,伏笔,知识补充,多重解释|伏笔埋设|表层理解|真实含义|回收方案,伏笔怎么自然埋|线索怎么不明显|伏笔回收怎么有说服力,悬疑|全部,伏笔首次出现要让读者有合理的表层解释，真实含义等回收时再翻面。,自然伏笔不是把重点藏起来，而是给它一个当时也成立的普通理由。,台词、物品、行为、场景细节都可以埋伏笔，关键是回收后能让读者觉得原来如此而不是作者补丁。,伏笔,表层合理真实翻面法,悬疑伏笔|身份伏笔|物品伏笔|情感伏笔,伏笔第一次出现就过分显眼|回收时含义和前文不兼容|埋了没有记录,她把那枚旧扣子缝回袖口时没人多想，直到后文发现只有失踪者的制服才用这种扣子。,前文突然写一个神秘物品，但没有任何表层用途，读者一眼知道它在等回收。
WT-066,write|plan,推理,知识补充,假设反证|证据链|推理呈现|线索分布,推理过程怎么写|证据链怎么呈现|悬疑解释怎么不枯燥,悬疑,推理段落按现象、假设、证据、反证、结论推进，让读者能跟着推而不是只听答案。,推理好看不是主角聪明，而是证据链一步步把错误答案挤掉。,每个关键结论至少对应一个证据和一个被排除的假设，读者才会觉得公平。,推理,假设反证推进法,案件复盘|规则推理|身份判断|生路推理,结论先行没有证据|证据只在最后空降|推理跳过关键步骤,如果钥匙在十点后才被拿走，那么九点半的脚步声就不是凶手，而是有人提前布置了误导。,主角闭眼想了想就知道真相，没有展示线索如何连接。
WT-067,write|plan,场景,知识补充,年代感|生活细节|时代语汇|制度约束|真实代入,年代感怎么写|时代细节怎么不堆|年代文语言怎么稳,年代,年代感要通过制度、物资、称呼和生活动作影响剧情，别把老物件当装饰清单。,时代细节只有参与人物选择，才会从背景变成故事压力。,票证、单位、邻里、供销社、口粮、称呼和政策边界都可以嵌入动作和对话，让读者感到角色真的活在那个年代。,场景,制度入动作年代感写法,年代日常|四合院|单位冲突|家庭饭桌,只堆老物件|现代口吻乱入|时代限制不影响人物决定,她没说自己缺布，只把磨白的袖口往里卷了卷，旁边大妈立刻看懂了她为什么不肯相亲。,屋里有搪瓷缸和老收音机，然后人物用现代职场话术聊天。
WT-068,write|plan,情感,知识补充,强情绪描写|感官动作心理|虐点表达|情感共鸣,女频情绪戏怎么写|虐点怎么写痛|情感描写怎么不空,现言|古言|幻言,强情绪场用触发、身体反应、动作选择和心理判断串联，不要只堆痛苦词。,女频高情绪描写要让读者看见角色为什么痛，也看见她痛完后做了什么选择。,视觉、声音、触觉、停顿和小动作都可以承载情绪，但每个细节都要和人物关系或旧伤有关。,情感,触发反应选择链,虐点|决裂|重逢|告白失败|道歉无力,连续堆悲伤绝望等抽象词|情绪和人物经历无关|哭完不改变行动,听见那句和她一样时，她没有哭，只是把已经签好的名字慢慢划掉，纸都被笔尖刮破了。,她非常痛苦非常绝望非常伤心，心里有说不出的复杂感情。
WT-069,write|plan,视角,知识补充,反派视角|有限信息|认知盲区|敌方推演|翻车铺垫,反派视角怎么写|敌方计划怎么呈现|反派翻车怎么不降智,全部,反派视角只展示他知道的信息和合理判断，保留主角真正变量，翻车才不显得降智。,反派不是为了失败而存在，他的视角要让读者承认他当时那样判断是有道理的。,写反派计划时给资源、判断依据和盲区三项，后续让盲区被前文小变量击穿，失败就会更爽。,视角,有限信息反派推演法,反派布局|阶段高潮前|智斗对抗|翻车铺垫,反派故意忽略明显线索|反派视角泄露太多主角底牌|失败只靠突然变蠢,他查过所有参赛者的背景，唯独没有把那个送水的杂役写进名单，因为那人三个月前还只是个哑巴。,反派明明看到所有证据却强行不信，最后失败只因为作者要他输。
WT-070,write|plan,短篇,知识补充,第一人称|有限视角|内心独白|强代入,第一人称怎么写真实|短篇我视角怎么写|内心独白怎么不尬,全部,第一人称只写我能感知和推断的内容，用误判和盲区制造代入，不要上帝视角乱入。,第一人称最有力的是现场感和不确定感，而不是把所有背景解释给读者。,内心独白要贴近当下反应，优先写感官、判断和恐惧，少做长篇设定说明。,视角,第一人称有限认知法,短篇开头|悬疑误导|情绪冲突|付费卡点,我视角知道太多别人心理|内心独白像说明书|每段都在解释设定,我听见门锁响了两下，第一反应不是怕，是想起昨晚我明明把备用钥匙吞进了马桶。,我知道他们所有人的真实想法，也知道幕后黑手正藏在三楼。
WT-071,write|plan,规则,知识补充,规则语言|冷漠条款|异常措辞|可执行恐怖,规则怪谈语言怎么写|规则文本怎么吓人|守则怎么不空,悬疑,规则语言要先像真条款一样能执行，再用冷漠措辞和异常例外制造不安。,规则文本的恐怖感来自它把荒谬危险写得像普通管理要求。,短句、编号、条件、例外、违规后果和不解释原因都能增加真实感和推理价值。,规则,冷漠可执行规则写法,规则公告|副本守则|医院校规|员工手册,规则过于文学化无法执行|每条都只会吓人|没有条件和后果,二十三点后请勿回应走廊内任何人对你姓名的呼唤，包括亲属。,夜色吞没灵魂时请聆听命运的哀嚎，像气氛文案不是真规则。
WT-072,write|plan,恐怖,知识补充,恐怖递进|感官异常|日常偏差|心理压迫,恐怖氛围怎么递进|怎么不靠突脸吓人|规则怪谈压迫感,悬疑,恐怖描写从正常到轻微异常再到无法解释，递进比突脸更稳。,低成本恐怖靠日常偏差，读者越熟悉场景，异常越小越扎人。,先建立稳定秩序，再改一个声音、光影、气味或空间细节，最后让角色意识到规则正在靠近。,场景,日常偏差递进恐怖法,夜班|宿舍|医院|车站|规则副本,开场直接堆血腥|异常没有递进|角色不作任何合理反应,走廊尽头的灯每隔三秒闪一次，直到第七次，灯光里多站了一个人。,突然冒出鬼脸吓主角，之后没有规则意义。
WT-073,write|plan,战斗,知识补充,动作连续性|空间方位|战斗节奏|招式结果,战斗动作怎么写清楚|打斗空间怎么写|玄幻战斗不乱怎么办,玄幻|仙侠|游戏|奇幻,战斗动作要让位置、动作、反应和结果连续可追踪，别把镜头切碎。,清楚的动作戏不是细节越多越好，而是每一步都能看见因果。,先定距离和站位，再写攻击、闪避、反击和代价，必要时用环境物帮读者定位。,动作,空间连续动作链,近战|团战|追逐战|擂台战,只有光效和招式名|人物位置忽远忽近|攻击没有结果,他被逼到石柱左侧，退路只剩半步，所以那一剑不是刺向人，而是先斩断柱脚。,两人化作残影打了三百回合，读者不知道谁在哪。
WT-074,write|plan,潜台词,知识补充,替身潜台词|信息不对称|沉默|转移话题,替身文潜台词怎么写|话里有话怎么写|沉默怎么有意义,现言|古言,潜台词要基于信息不对称，让角色说表面话时同时暴露隐瞒、试探或逃避。,替身文对话的刺痛来自双方都没把真相说满，却已经被细节扎到。,旧称呼、停顿、改口、避开名字和突然转移话题都是高效潜台词工具。,对话,信息差潜台词法,替身文|误会期|冷战|追妻对话,所有话都直白解释|沉默没有信息|潜台词读不出具体指向,“你喜欢这个颜色？”她问。他顿了顿，说：“以前有人喜欢。”这句以前比名字更伤人。,“你把我当替身我很伤心。”潜台词被直接说穿，张力消失。
WT-075,write|plan,世情,知识补充,生活化情绪|克制留白|社会现实|细节共鸣,世情文怎么写情绪|亲情描写怎么克制|生活细节怎么写共鸣,现言|年代|都市,世情情绪用生活动作和留白承载，让读者从细节里自己读出委屈。,世情文最忌大喊大叫替代真实生活压力。,钱、饭、病、房、工作、邻里眼光这些现实细节，能比抒情句更快让读者共鸣。,情感,生活细节留白法,亲情冲突|婚姻裂缝|邻里关系|职场压力,情绪全靠旁白喊|社会现实缺席|角色像悬浮人,她没说自己没吃晚饭，只把碗里最后一块肉夹给父亲，又低头喝了一口已经凉透的汤。,她非常痛苦，因为家人都不理解她，作者直接替角色喊完情绪。
WT-076,write|plan,快穿,知识补充,快穿信息压缩|身份接收|任务提示|世界差异,快穿开局怎么快速交代|任务信息怎么不水|世界设定怎么压缩,快穿,快穿开局用现场危机和零碎信息拼身份，少用系统长篇播报。,快穿信息压缩的重点是让读者边看危机边理解身份，而不是先背设定。,称呼、物件、身体状态、手机记录、旁人反应和短提示可以共同完成世界接入。,叙事,危机拼图式快穿开局,快穿单元开头|任务突变|身份误判,系统一次性灌输设定|世界背景介绍太久|开局没有现实压力,她还没看清镜子里的脸，门外已经有人喊少夫人，老爷让你去祠堂认错。,系统把原主二十年经历完整讲完，读者还没进入场景。
WT-077,write|plan,历史,知识补充,制度约束|官场语言|时代口吻|权力边界,历史文怎么写制度感|官场对话怎么写|权谋文怎么不悬浮,历史,历史写法要让制度影响人物选择，官职、礼法和风险不能只当背景。,历史文可信度来自角色被时代规则约束，而不是现代人随便套古装。,奏报、门第、军令、户籍、税粮和礼制都应具体改变角色能说什么、能做什么。,叙事,制度约束入戏法,朝堂|军营|官场|家族权力,现代自由人思维乱入|制度只在设定里|角色随便越级行动,他没有立刻反驳，因为这句话若在堂上出口，先倒霉的不是对方，而是替他作保的老师。,主角在朝堂像开会一样随便插话，所有官员都听他讲道理。
WT-078,write|plan,种田,知识补充,经营细节|成本收益|手艺流程|生活质感,种田文怎么写经营细节|做生意怎么不流水账|手艺流程怎么写,种田,种田经营要写成本、工序、失败和口碑反馈，别只写做出来就卖爆。,种田文的质感来自手艺和生活细节，收益必须经过真实过程。,从备料、试做、损耗、定价、试卖到复购，每一步都能承载人物能力和现实压力。,经营,工序成本口碑链,摆摊|作坊|农活|小店经营,跳过工序直接赚钱|成本不存在|所有顾客无脑买单,第一锅酱熬糊了半边，她没舍得倒，反而用那点焦香改了第二锅的火候。,她随便做了点吃食，大家都惊为天人，很快赚了很多钱。
WT-079,write|plan,仙侠,知识补充,修行描写|心境变化|法术质感|清静张力,仙侠修行怎么写|打坐突破怎么不空|心境怎么表现,仙侠,仙侠修行要写身心变化和法理理解，不要只写灵气运转几个周天。,修行戏的重点是角色对道、己身和欲望的理解发生变化。,可用呼吸、经脉、外物静动、旧念浮起和一处法理领悟来承载突破过程。,修行,心境法理同步写法,闭关|渡劫前|突破|顿悟,只写灵气狂涌|心境没有变化|突破像数值升级,她听见雨声落在檐角，忽然明白自己这些年修的不是无情，是不敢有情。,他盘膝坐下，灵气运行三十六周天，然后突破了。
WT-080,write|plan,快穿,知识补充,单元差异|世界语气|角色适配|任务口吻,快穿每个世界怎么不一样|世界语气怎么换|快穿单元文风怎么区分,快穿,每个快穿世界要换语汇、关系压力和叙事节奏，不能只换角色名字。,快穿单元的新鲜感来自世界规则和人情逻辑的变化。,校园世界重视舆论和青春关系，古代世界重视礼制身份，末世世界重视资源与生存，写法要跟着变。,叙事,单元语境切换法,快穿新世界|任务切换|单元开头,所有世界说话方式一样|世界差异只靠服装|任务逻辑不随环境变化,她在上个世界可以报警，这个世界却连出门都要先拿到主母的对牌。,每个世界人物都用同一种现代网文腔说话。
WT-081,write|plan,游戏,知识补充,赛事解说|操作细节|战术沟通|团战信息,电竞比赛怎么写|游戏操作怎么写清楚|赛事解说怎么有燃点,游戏,电竞写法要把操作、沟通、地图信息和解说反应合在一起，别只写他很强。,电竞爽点来自读者看懂他为什么强，而不是只听旁人夸。,技能冷却、视野控制、资源点、走位和队内指令都是呈现实力的抓手。,竞技,操作战术同步写法,电竞比赛|团战|翻盘局|训练赛,只写手速快和全场震惊|读者看不懂操作价值|解说替代过程,“龙坑没眼。”队长话音刚落，他已经把位移留给第二段进场，等的就是对面辅助交控。,他操作极快，一套连招打出，全场都惊呆了。
WT-082,write|plan,科幻,知识补充,技术限制|工程细节|科幻质感|代价推演,科幻技术怎么写可信|黑科技怎么不万能|工程感怎么写,科幻,科幻技术要写功能、限制、成本和故障模式，不能只用黑科技解决一切。,可信的科幻感来自技术边界，而不是名词越多越高级。,能源、散热、延迟、权限、维护和伦理成本都可以成为技术冲突来源。,设定,技术边界工程写法,星舰|AI|机甲|赛博设备,技术万能无代价|术语堆砌不影响剧情|故障只为临时制造麻烦,义眼能看穿墙体，却会在强磁区留下半秒雪花，这半秒足够让杀手藏进盲区。,他启动高科技装置，所有问题瞬间解决。
WT-083,write|plan,幻言,知识补充,神妖情感|禁忌恋|血脉感应|超凡亲密,幻言感情戏怎么写|神妖恋怎么有张力|血脉感应怎么不俗,幻言,幻言情感要让超凡设定参与亲密和阻碍，不能只披神妖皮写普通恋爱。,幻言的甜虐来自情感和族群规则互相冲撞。,血脉感应、契约反噬、寿命差、族规禁忌和灵力共鸣都可以成为情感细节。,情感,超凡规则参与情感法,神妖恋|契约伴侣|禁忌恋|身份揭露,超凡设定只当装饰|恋爱冲突和普通现言一样|血脉感应随便救场,他握住她手腕时，契印没有发亮，反倒像被什么旧誓压住，一寸寸暗下去。,他们虽然一个是神一个是妖，但恋爱矛盾和普通情侣完全一样。
WT-084,write|plan,衍生,知识补充,同人画风|原作语气|角色不OOC|设定兼容,同人怎么不OOC|衍生文怎么贴原作|角色语气怎么保持,衍生,衍生写法先保原作角色的价值观和说话节奏，再处理新剧情。,同人最怕只借名字不借灵魂，角色行为必须能回到原作逻辑里。,改剧情可以，但角色的底线、反应速度、称呼习惯和核心关系不能随便重写。,视角,原作逻辑对齐法,同人续写|if线|原创角色互动|跨世界融合,角色只剩名字|口吻完全换人|新设定压倒原作逻辑,他没有立刻答应救人，而是先问代价是什么，这才像那个从不轻信奇迹的人。,原作冷静角色突然无理由热血大喊相信爱能解决一切。
WT-085,write|plan,年代,知识补充,年代细节|生活物件|单位口吻|日常融入,年代文细节怎么写|四合院年代感怎么写|年代口吻怎么自然,年代,年代感要让物件、票证、单位和邻里关系进入动作里，不能像展览清单一样硬摆。,年代文可信度来自生活压力和熟人社会的共同约束。,把吃穿用度、工作名额、院里议论和家庭分配嵌进角色选择，让时代不是背景板。,描写,年代细节入戏法,四合院|工厂|村镇|家庭饭桌,堆砌老物件|现代人思维套旧时代|时代只靠年份提示,她把搪瓷缸往桌角一放，先问的不是钱，而是这月粮票还能不能撑到月底。,他站在院里讲现代管理学，邻居们全都听得心服口服。
WT-086,write|plan,历史,知识补充,官场称谓|礼法压力|越级风险|时代边界,历史对话怎么写|古代官场称谓怎么写|权谋对白怎么不现代,历史|古言,历史对白要体现身份差、称谓和风险，不能让所有人像现代职场一样平等争辩。,古代语感不是堆古词，而是每句话都知道谁能说、谁不能说。,同一句话在家宴、堂审、军帐和朝会上风险不同，写前先判断场域权力。,对话,场域身份控词法,朝堂|衙门|军帐|宗族议事,全员现代口吻|称谓混乱|下级随便训上级,县丞垂着眼回话，先称大人，再把责任轻轻推回账册上的旧印。,小吏拍桌子说大家都别装了我们开诚布公。
WT-087,write|plan,种田,知识补充,基建阶段|生存优先|工程进度|反馈闭环,基建种田怎么写|村庄建设怎么排阶段|经营进度怎么写,种田|历史|奇幻,种田基建要先解决生存再谈扩张，每个工程都要有材料、人手、时间和回报。,建设爽感来自从缺口到改善的连续反馈，不是宣布建成。,水源、仓储、道路、工具、交易渠道应逐层推进，阶段完成后用生活变化兑现。,结构,需求层级建设法,荒村开局|领地建设|作坊扩张|家族经营,跳过建设过程|资源无限|民众只会鼓掌,第一批砖没用来修门楼，而是先垫了晒谷场，雨后粮食终于不用烂在泥里。,他一句话修起十座工坊，从此领地立刻富庶。
WT-088,write|plan,快穿,知识补充,原主执念|任务边界|单元收束|虐渣尺度,快穿任务怎么写|原主执念怎么回收|快穿单元怎么结尾,快穿,快穿单元要把任务、原主遗憾和世界代价同时收束，不能只完成打脸就跳世界。,任务完成的痛快要落在原主命运被改写和读者怨气被释放上。,每个世界开篇先交代压迫关系和任务边界，结尾给出评价、余波或情感残留。,叙事,执念任务双回收法,快穿单元结尾|虐渣反杀|任务复盘,只爽不收束|原主像工具人|任务评价无意义,系统播报前，她先把那封迟到十年的道歉信烧给了原主的母亲。,她打脸全场后立刻进入下个世界，前身留下的亲人再也没人提。
WT-089,write|plan,仙侠,知识补充,渡劫内外压|底牌耗尽|人祸夹击|意志破关,渡劫怎么写燃|仙侠飞升怎么写|天劫高潮怎么排,仙侠|玄幻,渡劫高潮要同时压天灾、人祸和心魔，底牌逐层耗尽后才有破关重量。,仙侠大场面不能只堆雷光，必须让角色为成道付出真实代价。,法宝碎、旧敌扰、心魔问道和肉身硬撑应形成递进，把破境写成选择而非奖励。,高潮,天劫人祸并压法,渡劫|飞升|卷末破境|心魔关,异象空转|底牌无穷|渡劫没有选择,最后一道雷落下时，他没再祭剑，只把碎成两截的本命玉扣进掌心。,天空电闪雷鸣，他大喊一声我命由我，然后直接飞升。
WT-090,write|plan,仙侠,知识补充,论道辩经|道心交锋|异象克制|文斗爽点,仙侠论道怎么写|辩经怎么不尬|修仙文嘴炮怎么写,仙侠|玄幻,仙侠论道要让观点对应人物修行路径，不能只用漂亮话赢辩论。,论道的爽点是道心相撞，不是主角背现代鸡汤。,先立对方的道理，再找其自洽缺口，最后用主角经历给出自己的道。,对话,道心攻防写法,论道|辩经|宗门文斗|师徒争执,空泛说教|现代鸡汤乱入|对手像稻草人,他没有否认无情道，只问那位长老若真无情，为何还替亡徒守了三十年灯。,他说每个人都要做自己，全场修士立刻悟道。
WT-091,write|plan,幻言,知识补充,契约反噬|族群禁忌|灵性细节|情感可视化,幻言契约怎么写|神妖恋细节怎么写|灵宠互动怎么写,幻言,幻言细节要让契约、血脉、灵物和族规持续影响亲密关系。,超凡恋爱好看在规则既能保护也能伤人。,把情绪变化落到契印冷热、灵力失衡、族群反应和寿命差上，避免只换皮谈恋爱。,情感,超凡亲密具象法,契约伴侣|神妖恋|灵兽认主|身份暴露,设定只服务救场|族规没有后果|超凡细节一次性使用,她说不疼，可腕上的契纹暗得像一截死灰，连守门灵鹤都退了半步。,他们是妖和神，但除了称呼之外所有恋爱桥段都像都市偶像剧。
WT-092,write|plan,衍生,知识补充,蝴蝶效应|原作节点|剧情偏移|崩坏收束,同人改剧情怎么写|蝴蝶效应怎么控制|原作线怎么不崩,衍生,衍生改线要写清直接后果和长期波纹，不能救一个人却让世界毫无变化。,同人新鲜感来自原作节点被改写后仍能回到新的核心冲突。,每次介入都要安排反派反应、阵营变化和新危机，让读者相信剧情真的被推动。,结构,蝴蝶效应收束法,救意难平|if线|时间线改写|原创角色介入,改动无后果|原作照抄|剧情完全失控,他救下那个人的第二天，原本该沉默的反派提前递出了战书。,主角改变大战结局后，后续事件仍和原作一模一样。
WT-093,write|plan,游戏,知识补充,数值读法|冷却窗口|队伍语音|战术克制,游戏战斗怎么写|副本机制怎么写|网游团战怎么写清楚,游戏,游戏文要把机制读法写出来，让读者知道胜负不是作者说了算。,战斗可读性来自技能窗口、站位变化、资源交换和队友分工。,写团战时用一两个关键机制承载胜负，不要同时丢满屏技能名。,动作,机制窗口写法,副本开荒|竞技场|团战|公会战,技能名轰炸|规则临时改|队友只喊加油,治疗抬手的半秒，他故意不交位移，等的就是对面刺客先露影。,屏幕上光效炸开，大家技能全放，主角赢了。
WT-094,write|plan,种田,知识补充,极品亲戚|乡土冲突|名声压力|公开裁决,种田极品亲戚怎么写|家长里短冲突怎么写|村里打脸怎么写,种田|年代,种田亲缘冲突要抓名声、资源和长辈秩序，不能只写单纯坏人撒泼。,家长里短的爽点来自主角在熟人社会里把理、证据和人心都拿住。,让亲戚贪小便宜有具体手段，也给主角公开拆穿的场合和后续边界。,冲突,熟人社会打脸法,分家|借粮|彩礼|邻里争执,反派只会尖叫|主角无限忍让|打脸后关系无后果,她没吵，只把借粮的记账本摊在祠堂桌上，先请三叔公念第一笔。,恶毒亲戚辱骂主角，主角骂回去后全村立刻敬佩。
WT-095,write|plan,年代,知识补充,单位关系|名额分配|集体评价|熟人秩序,年代单位戏怎么写|工厂人情怎么写|名额争夺怎么写,年代,年代单位戏要写名额、评语、师徒和集体意见，别把工厂写成现代公司。,单位是年代文的权力场，工资、房子、先进名额和介绍信都会改变人物命运。,冲突要落到谁能签字、谁敢作证、谁怕丢评优上。,叙事,单位权力网写法,国营厂|供销社|学校|街道办,公司话术乱入|领导权力模糊|集体评价无影响,车间主任没骂人，只把他的先进名单往旁边挪了一格，整间屋子都安静了。,老板开会宣布KPI，工人们马上展开职场内卷。
WT-096,write|plan,衍生,知识补充,角色声线|口癖克制|句式还原|语气校准,同人角色语气怎么写|口癖怎么用|角色说话怎么不OOC,衍生,同人角色声线要抓句式、价值观和反应节奏，口癖只能点到为止。,会说那句话不等于像那个人，关键是他在压力下如何判断。,每段对话都检查词汇长度、情绪外放程度、称呼习惯和是否符合原作关系。,对话,声线三层校准法,原著角色初遇|CP互动|战前对白|日常发糖,口癖堆砌|所有角色同一腔调|为了剧情强行换性格,他只说了半句，先把账算清，再决定要不要伸手救人。,冷面角色突然连续卖萌吐槽，像换了一个人。
WT-097,write|plan,历史,知识补充,案卷证据|旧例引用|公堂节奏|文书细节,历史案卷怎么写|公堂证据怎么写|翻案文书怎么写,历史|古言,历史翻案要让证据经过文书、证人和旧例三重落地，不能靠主角一句真相。,案卷戏的可信度来自证据链，而不是主角的洞察光环。,供词、印信、账册、旧判例和证人身份都应互相咬合，缺一环就留风险。,叙事,文书证据链写法,翻案|公堂|弹劾|旧案重审,证据凭空出现|口头推理替代文书|旧例只当装饰,他没有先喊冤，而是请堂官核对那枚朱印和五年前粮册上的骑缝章。,主角说出真相，所有人立刻相信。
WT-098,write|plan,种田,知识补充,生活复利|小物反馈|日常改善|安全感描写,种田慢爽怎么写|生活改善怎么不水|小日子变好怎么写,种田|年代,种田慢爽要把每次收益落成生活变化，别只写数字上涨。,生活流的复利要靠小物件和小习惯变化让读者感到踏实。,从一顿热饭、一床厚被、一盏油灯到一个稳定熟客，都能成为成长刻度。,描写,生活改善刻度法,日常过渡|经营回报|家庭关系缓和|灾后恢复,只写赚了多少|生活细节不变|改善没有人物反应,新棉被晒在院里时，妹妹摸了三遍，最后小声问今晚能不能早点睡。,主角收入翻倍，但生活状态和家人态度完全没变。
WT-099,write|plan,快穿,知识补充,信息压缩|单元开局|任务说明|世界差异,快穿开局怎么不啰嗦|任务信息怎么交代|单元切换怎么写,快穿,快穿信息交代要先给困境再补规则，避免开头被系统说明拖死。,单元文节奏快，但不能快到读者不知道谁欠谁。,用现场危机、原主记忆碎片和系统关键句三段交代，比整段设定说明更适合快穿。,叙事,困境先行交代法,新世界开局|任务发布|身份切换|剧情偏差,设定说明过长|任务目标空泛|原主怨气不具体,她先听见杯子砸碎声，才从原主记忆里看见这场订婚宴已经被人安排成羞辱局。,系统先用两千字解释世界观和人物关系。
WT-100,write|plan,幻言,知识补充,超凡感官|灵力共鸣|契约痛感|异类视角,幻言感官怎么写|灵力共鸣怎么描写|神妖视角怎么写,幻言,幻言感官要和种族、灵力、契约绑定，不能只写普通五感加仙气词。,超凡视角的魅力来自角色感知世界的方式和人类不同。,妖族可闻情绪，神族可感誓约，契约者可共痛，灵物可先于人察觉危险。,描写,超凡感官差异法,神妖恋|契约反噬|灵宠视角|身份暴露,五感普通化|灵力只发光|异类角色像普通人,她听不见谎言，却能闻到他话尾那点发冷的誓约味。,她看见灵力很漂亮，然后两人继续普通恋爱。
WT-101,write|plan,仙侠,知识补充,法术限制|灵力消耗|克制关系|战斗读法,仙侠斗法怎么写清楚|法术战斗怎么不乱|灵力消耗怎么写,仙侠|玄幻,仙侠斗法要写清法术功能、克制和消耗，不要满屏招式名互炸。,斗法的爽点来自读者看懂主角为什么这一招能破局。,灵力余量、施法距离、法器承载、五行克制和场地灵气都能构成战斗逻辑。,动作,法术克制读法,斗法|宗门比试|秘境战斗|越阶反杀,招式名堆砌|灵力无限|克制关系临时发明,他没有硬接火鸦符，而是先割断阵眼旁的水脉，让对方的火势少了三成。,双方大喊招式名，光芒爆炸后主角赢了。
WT-102,write|plan,衍生,知识补充,粉丝服务|原作梗回收|克制致敬|情绪精准,同人粉丝服务怎么写|原作梗怎么用|致敬怎么不尴尬,衍生,同人致敬要少而准，命中角色和名场面的情绪核心，不要堆梗刷存在感。,粉丝服务的关键是让读者会心，而不是让正文变成梗清单。,旧台词、道具和场景只能在情绪对位时使用，出现后要推动当前剧情。,叙事,克制回响致敬法,名场面变奏|角色初遇|日常发糖|结局回响,原作梗堆砌|强行玩梗破坏气氛|致敬不推动剧情,他没有完整说出那句名台词，只在相同的位置停了一下，读者已经知道他想起了谁。,角色连续引用原作名梗，剧情像弹幕合集。
WT-103,write|plan,年代,知识补充,时代口语|熟人寒暄|避讳表达|集体语汇,年代对话怎么写|四合院口语怎么自然|年代话术怎么不现代,年代,年代对话要用岗位、票证、面子和集体话语组织句子，少用现代情绪词。,年代口吻不是硬塞方言，而是人物说话时默认单位和邻里都在场。,寒暄可绕生活物资，批评常借集体评价，表达委屈也会顾脸面。,对话,集体语境口语法,院落争执|单位谈话|饭桌冲突|邻里寒暄,现代网感词乱入|方言过量|所有人直白表达心理,她没说自己委屈，只问那半斤油票是不是也算公家的安排。,她说我真的很内耗，你们边界感太差了。
WT-104,write|plan,古言,知识补充,宅斗留白|礼制暗刺|称呼变化|体面冲突,宅斗对话怎么写|古言暗讽怎么写|礼制冲突怎么写,古言|历史,宅斗和古言冲突要让刀藏在礼数里，别让角色像现代人当面撕破脸。,体面场合越克制，暗刺越有杀伤力。,称呼升降、座次安排、赏赐轻重和一句客气话都能变成攻击。,对话,礼制暗刺写法,家宴|请安|赐婚|后宅争权,当面泼妇骂街|礼制无作用|潜台词被说破,她笑着叫了一声姐姐，却把茶盏稳稳放在了下首的位置。,她当众大骂对方心机深沉，所有人都拍手称快。
WT-105,write,幽默,知识补充,幽默|吐槽|喜剧|搞笑|轻喜剧,幽默|吐槽|喜剧|搞笑|轻喜剧,全部,吐槽要贴人物身份，节奏靠短句与错位，严肃场景的笑点靠反差而非装疯。,幽默/吐槽技法：用人物专属口癖与认知错位制造笑点，笑完必须落到人物或情节上。,吐槽与喜剧节奏：错位认知、降格处理、回环梗（埋两次才炸）；严肃场景慎用搞笑，除非反差服务人物。,技法,错位喜感,日常斗嘴/压力释放场景,为搞笑而搞笑、贫嘴滥用,"他一本正经地把灭火器递给新娘：""先灭火，再拜堂。""",全场人都笑了，就是读者不知道笑什么。
WT-106,write,幽默,知识补充,反差|冷幽默|一本正经,反差|冷幽默|一本正经,全部,冷幽默=严肃口吻讲荒唐事，不打笑点标签，让读者自己品出来。,冷幽默技法：叙述端保持严肃，事实端荒唐，落差即笑点。,冷幽默与反差幽默：不解释笑点、不堆表情词，一个荒唐细节胜过三句逗贫。,技法,冷幽默反差,紧张场景调剂/荒诞日常,"写完笑点再补一句""众人哄堂大笑""",灾变第三天，居委会通知：末世逃生演习改到周四，因为周三要创卫。,"""真是太有趣了！""他幽默地说道。"
WT-107,write,幽默,知识补充,自嘲|互怼|斗嘴,自嘲|互怼|斗嘴,都市|现言|游戏,斗嘴要推进关系或信息，每轮对话至少交换一个新东西。,斗嘴/互怼技法：攻击点落在对方在意处，你来我往中完成人物关系测温。,双人斗嘴节奏：短句往返三轮内必须分胜负或被打断，平局最伤节奏。,技法,关系斗嘴,欢喜冤家/搭档日常,斗嘴三轮不离剧情信息，纯贫嘴,"""你枪法和我奶奶一个水平。""""那你奶奶现在活着，你队友呢？""",两人斗嘴五百字，剧情原地踏步。
WT-108,write,幽默,知识补充,回环梗|呼应笑点,回环梗|呼应笑点,全部,好笑点埋一次是巧合，埋两次是伏笔，炸一次是回环。,回环梗技法：同一笑料三次出现（埋/再认/引爆），每次语境升级。,回环梗设计：间隔至少三章，引爆时语境必须已变化，否则是复读。,技法,回环梗,长篇连续性喜剧,同一句梗原文复读,"第三章他把""别碰我泡面""挂嘴边；第三十章决战前，他把泡面塞进弹药箱。",每章重复同一个笑话并期待读者再笑一次。
WT-109,write,幽默,知识补充,降格|崇高解构,降格|崇高解构,全部,把宏大叙事降格到柴米油盐，庄谐落差出喜感。,降格处理技法：崇高对象用日常逻辑拆解，庄谐落差即幽默。,"降格喜剧：解构对象选""伪崇高""，真崇高的降格会变成冒犯。",技法,崇高降格,反派日常/体制讽刺,拿苦难与创伤当笑料,魔王军年度预算会上，财务吐槽传送门电费比军费还高。,把角色的悲惨身世当段子讲。
WT-110,write,幽默,知识补充,错位|认知差|误会,错位|认知差|误会,全部,让角色对同一事实产生两种解读，读者站在上帝位看误会发酵。,认知错位技法：信息差制造误会，误会链滚动升级，收束时一次性对齐。,认知错位喜剧：误会链最多三层，收束要有代价，误会不能零成本解除。,技法,误会链,身份错位/假戏真做,误会拖过三章强行不解释,他以为她是他失散的妹妹，她以为他是讨债的，两人客客气气演了十章。,"靠一句""你听我解释""拖五章。"
WT-111,write,幽默,知识补充,正经失败|努力白费,正经失败|努力白费,全部,角色越认真，失败越好笑——笑点来自投入与结果的落差。,正经失败技法：动机严肃、执行认真、结果荒诞，喜剧内核是尊重人物。,正经失败：失败后必须给角色真实代价或成长，不能当无事发生。,技法,认真失败,修炼/改造/创业情节,失败后角色毫无反应继续推进,他对照攻略一步步复刻阵法，最后发现攻略是倒着印的。,角色沦为制造笑料的工具人。
WT-112,write,幽默,知识补充,笑点密度|喜剧节奏,笑点密度|喜剧节奏,全部,喜剧章笑点间隔不超过八百字，严肃章留白不要硬塞笑点。,幽默节奏控制：笑点密度管理，情绪段落让位于喜剧，喜剧段落让位于爆发。,笑点密度：单场景三处封顶，高潮战/虐点段落零笑点，避免情绪切割。,技法,笑点密度,整章节奏管理,严肃葬礼插科打诨,逃命段落全程紧绷，逃出后再借劫后余生抖包袱。,追杀正酣，角色突然讲冷笑话。
WT-113,write,修辞,知识补充,白描|素写,白描|素写,全部,白描=删到只剩动作与物，情绪让读者自己长出来。,白描技法：去形容词化写作，名词动词承载情绪，克制即浓度。,白描三步：写动作不写心理、写物件不写情绪、写声音不写气氛。,技法,白描,创伤/离别/死亡场景,白描写成流水账,桌上两副碗筷，一副还倒着热水。,他的内心充满了无尽的悲伤与痛苦。
WT-114,write,修辞,知识补充,通感|五感,通感|五感,全部,通感=让感官串门：听见颜色、摸到声音，一次只用一层。,通感技法：感官跨界描写，单章一两次点到即止，多则油。,通感使用：优先触觉↔听觉、味觉↔记忆联动，服务情绪而非炫技。,技法,通感,氛围高潮/记忆闪回,连用三处以上通感,哨声又尖又冷，扎在耳朵上像一口冰。,他的声音听起来是紫色的。
WT-115,write,修辞,知识补充,句式|长短句|节奏,句式|长短句|节奏,全部,长句铺陈信息，短句钉钉子：爆发点前后必须有一次句长突变。,句式节奏技法：用句长控制心率，长句蓄力、短句释放。,句法变式：三长一短为一组，最高潮句不超过十个字。,技法,长短句变奏,战斗爆发/真相揭晓,全程长句无停顿,云压下来。风停了。他抬手，刀落。,一个长达百字从句套从句的句子。
WT-116,write,修辞,知识补充,比喻|新鲜度,比喻|新鲜度,全部,比喻三查：查陈词（第一反应的比喻删掉）、查域差（本体喻体距离）、查身份（喻体贴人物）。,比喻新鲜度技法：喻体从人物职业/生活域取，拒绝通用文学腔。,比喻规则：一章一个惊艳比喻即可；喻体优先取自视角人物熟悉的领域。,技法,身份化比喻,角色视角描写,用作者腔喻体破坏视角,在他这老厨子看来，尸横遍野像一锅煮烂的饺子。,她的眼睛像宝石，像星星，像一切闪亮的东西。
WT-117,write,商业文案,知识补充,简介|文案|上架,简介|文案|上架,全部,简介三板斧：一句话世界+欲望钩+代价钩；末句必须是问号或反差断言。,书籍简介技法：三段式（世界一句话/主角欲望/致命代价），80-150 字。,"简介写法：不剧透反转；名词具体化（不写""神秘力量""，写""能吃灾的胃""）。",技法,书籍简介,发书/上架准备,剧透关键反转,末世题材简介：他的胃，是这个新世界唯一的诺亚方舟。,简介：一个少年的传奇成长故事。
WT-118,write,商业文案,知识补充,上架感言|求票,上架感言|求票,全部,上架感言=成绩复盘+下卷预告+请求订阅，三段各三句，真诚不卖惨。,上架感言技法：短、诚、有信息量；附下卷钩子让订阅决定本身带期待。,感言结构：谢读者（1-2 句）→ 回顾（2 句）→ 下卷预告（2 句）→ 请求（1 句）。,技法,上架感言,上架首章,大段卖惨,写到现在，四十万字，感谢每一个还在的你。下卷他要去北境了。,长篇大论诉苦求票两千年。
WT-119,write,商业文案,知识补充,卷末|章末推语,卷末|章末推语,全部,卷末语对账本卷承诺：兑现了什么、欠了什么、下卷赌什么。,"卷末感言技法：给读者""对账感""，强化追读契约。",卷末语：本卷三行内对账（核心承诺回收情况），一句下卷悬念，不写日记。,技法,卷末对账,每卷最后一章,变成剧情复述,本卷他失去了左手，找回了名字。下一卷，北境见。,本卷讲了主角经历了很多事情，成长了很多。
WT-120,write,亲密戏,知识补充,亲密戏|尺度|分寸,亲密戏|尺度|分寸,现言|古言|幻言,亲密戏按 restrained（克制）/ suggestive（暗示）/ explicit（直白）三档自检，平台规则优先于剧情需要。,亲密戏分档技法：先定档位再动笔，档位决定镜头远近与留白比例。,分级写法：restrained 到牵手拥吻+心理；suggestive 到映象留白+感官碎片；直白档遵守平台红线，写情绪不写器官。,技法,尺度三档,感情线关键章,脱离感情进度为尺度而尺度,门关上了。灯留了一盏。,（不做分级直接铺直白描写）
